Paso,Total_Ints,Nodos_Pool,Bytes_CUDD,RSS_KB,Tiempo_s
0,0,4330,19353528,297876,0.000000
500,131482,49370,20826648,305580,0.029558
1000,299863,102402,39312280,338916,0.059660
1500,408515,129729,40214584,338916,0.065591
2000,1046628,512550,52912440,339448,0.182490
2500,1209246,573704,54903256,341560,0.205030
3000,1431187,665893,58037880,345256,0.248679
3500,1776388,842983,63996120,352120,0.325057
4000,1896576,880344,65244248,353704,0.343412
4500,1987685,891765,65626872,354232,0.349158
5000,2029084,906449,66134296,354760,0.356150
5500,2204107,955634,67789592,356608,0.381966
6000,2748049,1245189,77543352,367696,0.515232
6500,2973541,1381848,82104056,372712,0.574626
7000,3076237,1406129,82914328,373768,0.585732
7500,3308775,1469116,85099608,376408,0.617480
8000,3420389,1490360,85856696,377464,0.628385
8500,3624724,1582450,89005688,380896,0.673339
9000,3874507,1678709,92377784,384856,0.724065
9500,4121603,1753077,94966168,388024,0.761657
10000,4339122,1847170,98188824,391720,0.809174
10500,4803035,2076850,105869848,400432,0.914606
11000,5173499,2261586,112126840,407560,1.007590
11500,5744423,2576375,122881272,419704,1.249163
12000,6001001,2686258,126742424,424192,1.312608
12500,6196203,2736335,128467320,426040,1.338752
13000,6553714,2891457,133854840,432376,1.425714
13500,6887527,3052878,139406008,438712,1.520513
14000,7104131,3128905,142063992,441616,1.564417
14500,7189622,3139489,142438424,442144,1.571190
15000,7306656,3159928,143179160,442936,1.584631
15500,7414992,3176208,143717272,443728,1.592897
16000,7703973,3303713,147973144,448480,1.663329
16500,7871071,3342681,149305176,450064,1.689471
17000,8032675,3387022,150864344,451912,1.719344
17500,8160710,3416630,151875128,452968,1.739828
18000,8410876,3479194,154039960,455608,1.779816
18500,8605235,3508830,155159288,456928,1.799805
19000,8785956,3537266,156096376,457984,1.817329
19500,9292304,3648255,159894008,462736,1.881885
20000,10292630,3985016,171323576,476200,2.112074
20500,10913141,4299030,215761496,544608,2.391123
21000,11026294,4315691,216326232,544608,2.400908
21500,11142658,4338943,217134456,544608,2.415493
22000,11308325,4380802,218536024,544608,2.439033
22500,11524817,4454496,221124440,544608,2.486255
23000,11703968,4487477,222284632,544608,2.505322
23500,11801995,4504548,222892344,544608,2.515999
24000,12050599,4601418,226196824,544608,2.572981
24500,12218908,4635858,227365144,544608,2.596948
25000,12328438,4653973,227976952,544608,2.614068
25500,12548248,4724176,230461016,544608,2.682293
26000,12669105,4740414,231083096,544608,2.700700
26500,12814280,4768327,232016120,544608,2.728036
27000,13018219,4842657,234741720,544608,2.785259
27500,13090690,4852429,235040440,544608,2.790227
28000,13190912,4869471,235664536,544608,2.801247
28500,13287516,4881675,236098328,545096,2.809988
29000,13495008,4940772,238205912,547472,2.847756
29500,13618758,4957684,238782936,548264,2.859861
30000,13813422,5011955,240732984,550376,2.901340
30500,13957624,5030768,241406168,551168,2.918991
31000,14136250,5081548,243260056,553280,2.964778
31500,14246491,5095001,243722488,554072,2.975433
32000,14424058,5144451,245349112,555920,3.015218
32500,14535410,5159622,245862680,556448,3.025975
33000,14901509,5349749,252463576,563840,3.198227
33500,15122392,5464084,256318424,568328,3.300314
34000,15211340,5464280,256318424,568328,3.300699
34500,15291762,5464321,256318424,568328,3.300880
35000,15604405,5630530,261996408,574400,3.448101
35500,15818461,5688136,264120440,577040,3.516642
36000,16067880,5785859,267623544,581000,3.642732
36500,16417070,5922379,272266200,586544,3.775502
37000,16728258,6051014,276808728,591824,3.891429
37500,16797154,6059000,277173016,592088,3.906975
38000,17115701,6224224,282963672,598688,4.031618
38500,17549243,6401432,288854328,605552,4.196484
39000,17766740,6482526,291585880,608720,4.279754
39500,17941367,6554042,294057624,611624,4.361010
40000,17997395,6557834,294188568,611624,4.368603
40500,18077199,6566019,294460696,612152,4.379170
41000,18238164,6594048,295385528,613208,4.416092
41500,18484513,6643893,297108376,615320,4.468027
42000,18603100,6658187,297576920,615848,4.480021
42500,18767198,6694203,298812792,617432,4.511175
43000,19037480,6785408,301849176,620864,4.612110
43500,19232562,6830936,303506616,622712,4.689423
44000,19386409,6850347,304144984,623504,4.711819
44500,19565989,6881456,305192600,624824,4.741270
45000,19720795,6905596,306031512,625880,4.758492
45500,19960472,6977721,308624056,629048,4.814088
46000,20149425,7016826,309984760,630632,4.847428
46500,20303385,7042931,310825688,631688,4.872064
47000,20363313,7049342,311073272,631952,4.879313
47500,20456454,7060085,311421112,632216,4.887568
48000,20562448,7065952,311633912,632480,4.893236
48500,20687156,7074293,311903992,633008,4.901796
49000,20812193,7089263,312415512,633536,4.914487
49500,20947967,7106881,313008888,634328,4.926794
50000,21066301,7118141,313375128,634856,4.934946
50500,21197832,7135716,313978744,635648,4.948066
51000,21310618,7149204,314414552,636176,4.956972
51500,21444100,7164149,314928120,636704,4.967176
52000,21586628,7179665,315433496,637496,4.982770
52500,21721123,7194839,315961400,638024,4.995781
53000,21900438,7225382,317023352,639344,5.017341
53500,22046304,7238799,317469400,639872,5.026172
54000,22211609,7269978,318592792,641192,5.050967
54500,22322029,7300184,319642456,642512,5.073356
55000,22371157,7302017,319707928,642512,5.077421
55500,22412985,7303462,319744760,642776,5.079315
56000,22518320,7317226,320258360,643304,5.090548
56500,22689686,7344130,321129976,644360,5.109340
57000,22834464,7358122,321608760,644888,5.119798
57500,23065300,7461445,325148568,648848,5.204671
58000,23248318,7491222,326151160,650168,5.226771
58500,23395468,7508961,326760920,650960,5.242842
59000,23571725,7538133,327761464,652280,5.269042
59500,23756035,7569487,328798840,653336,5.291864
60000,23911664,7587682,329459768,654392,5.308137
60500,24078923,7610318,330216824,655184,5.325334
61000,24253120,7638524,331244024,656504,5.347846
61500,24413636,7650238,331628696,657032,5.356861
62000,24563653,7662040,332095256,657560,5.373942
62500,24745613,7690246,333048728,658880,5.398064
63000,24863677,7698329,333284024,659144,5.404251
63500,25007716,7712632,333750520,659672,5.414898
64000,25123814,7739630,334687640,660728,5.434053
64500,25227394,7745859,334900440,660992,5.442319
65000,25449614,7783816,336269368,662840,5.478025
65500,25635056,7811021,337224920,663896,5.508582
66000,25829582,7835601,338022872,664952,5.531433
66500,25951319,7849653,338530360,665480,5.550056
67000,26080756,7861918,338939576,666008,5.563657
67500,26245913,7879585,339555448,666800,5.585350
68000,26393154,7895120,340050584,667592,5.597979
68500,26516452,7917518,341016536,668648,5.622039
69000,26646185,7933099,341530104,669176,5.636107
69500,26833764,7963996,342604344,670496,5.661342
70000,26974620,7983755,343369656,671552,5.677998
70500,27098466,7992147,343637688,671816,5.686978
71000,27318677,8037139,345233720,676236,5.732943
71500,27417318,8044127,345530456,676236,5.745785
72000,27625023,8083023,346815384,676236,5.776566
72500,27872450,8172054,349860024,679404,5.834465
73000,27915815,8175005,349960280,679668,5.836889
73500,28080200,8194419,350590456,680460,5.855544
74000,28238191,8222027,351621784,681516,5.883434
74500,28426430,8251637,352634616,682836,5.908519
75000,28558797,8263312,353047960,683364,5.918044
75500,28859848,8339425,355642424,686532,5.979733
76000,29032072,8375462,356812760,687852,6.005571
76500,29161639,8394526,357449080,688644,6.018938
77000,29224396,8397359,357518648,688644,6.021612
77500,29340125,8408307,357884888,689172,6.034334
78000,29502895,8442596,359083928,690756,6.061411
78500,29637709,8461973,359851320,691548,6.078868
79000,29765655,8474054,360229848,692076,6.087303
79500,29910865,8492727,360884600,692868,6.101498
80000,29981433,8499160,361083064,693132,6.108002
80500,30153041,8526741,362046808,694188,6.127721
81000,30275085,8537973,362609656,694980,6.144219
81500,30347219,8550370,363020920,695508,6.154111
82000,30444812,8558233,363317624,695772,6.161198
82500,30584790,8569444,363696152,696300,6.171304
83000,30758656,8612879,365200088,698148,6.203178
83500,30896920,8631398,365830296,698940,6.217641
84000,31045129,8648801,366487160,699732,6.233548
84500,31238536,8704185,368486296,701844,6.286764
85000,31396973,8727245,369241304,702900,6.306520
85500,31599585,8771130,370739064,704484,6.344795
86000,31776694,8829225,372691032,706860,6.384572
86500,31903194,8845843,373253720,707652,6.396705
87000,32197972,8988330,378162392,712932,6.523324
87500,32522581,9033714,379723608,714780,6.556668
88000,32719935,9062748,380709848,716100,6.580894
88500,33013988,9158358,384294936,720060,6.663366
89000,33149807,9196039,385790840,721908,6.700889
89500,33379068,9243670,387370424,723756,6.734163
90000,33542661,9265850,388123384,724812,6.750698
90500,33897906,9353844,391206968,728244,6.819961
91000,33980965,9367052,391632536,728772,6.834909
91500,34040900,9367670,391665272,729036,6.836249
92000,34106984,9371977,391796216,729036,6.842156
92500,34233506,9381156,392094936,729564,6.851252
93000,34370460,9408162,393030040,730620,6.880675
93500,34442101,9412125,393175320,730884,6.884053
94000,34535014,9416568,393347192,731148,6.888378
94500,34591649,9417071,393363576,731148,6.889947
95000,34682402,9432194,393887384,731676,6.907084
95500,34766001,9443905,394255672,732204,6.916682
96000,34889858,9455894,394666936,732732,6.925071
96500,35101229,9490720,395870072,734052,6.950857
97000,35244514,9505957,396414360,734844,6.963324
97500,35431975,9528878,397163224,735636,6.981466
98000,35646582,9580008,398828696,737748,7.030483
98500,35808338,9609394,399956216,739068,7.059923
99000,35940193,9624716,400541464,739860,7.074674
99500,36024056,9644707,401220760,740652,7.087668
100000,36080311,9648386,401318968,740652,7.090813
100500,36196072,9657279,401617688,741180,7.097633
101000,36351161,9672648,402131256,741708,7.111911
101500,36517276,9701709,403080632,743028,7.130614
102000,36704622,9742478,404445368,744612,7.159325
102500,36827558,9755896,405139192,745404,7.179402
103000,36961187,9781665,405988312,746460,7.195719
103500,37080967,9793694,406366840,746988,7.205127
104000,37187903,9805288,406774008,747516,7.214161
104500,37355084,9831981,407666104,748572,7.234832
105000,37518927,9850563,408316792,749364,7.251218
105500,37632948,9861738,408680984,749892,7.258939
106000,37753993,9867714,408881496,750156,7.264099
106500,37907887,9894464,409775640,751212,7.283451
107000,38050422,9913277,410373080,752004,7.296896
107500,38192930,9936714,411222264,753060,7.316923
108000,38316324,9955570,411926168,753852,7.331858
108500,38420142,9967117,412292408,754380,7.341349
109000,38594293,9998621,413448536,755700,7.370568
109500,38771364,10047069,415101816,757548,7.407334
110000,38921162,10068605,415801560,758340,7.428045
110500,39146013,10128176,417841528,760716,7.475635
111000,39308556,10165126,419181816,762300,7.508109
111500,39422780,10186932,419887704,763356,7.527041
112000,39658661,10260734,422521176,766260,7.599522
112500,39890147,10312347,424350456,768372,7.642294
113000,40050877,10345929,425684696,769956,7.671774
113500,40164812,10364199,426304664,770748,7.687391
114000,40262878,10370439,426503128,771012,7.691518
114500,40370313,10377881,426734328,771276,7.697759
115000,40536355,10402650,427730936,772596,7.727747
115500,40680419,10420969,428344760,773388,7.745041
116000,40856264,10442988,429087480,774180,7.760369
116500,40987332,10461137,429680824,774972,7.775340
117000,41097408,10468997,429930456,775236,7.782692
117500,41231033,10484094,430448120,776028,7.793740
118000,41356946,10496716,430863480,776556,7.802845
118500,41529042,10516388,431569400,777348,7.820554
119000,41693937,10541117,432391928,778404,7.841987
119500,41906313,10570964,433408856,779724,7.864661
120000,42043634,10584779,433875352,780252,7.875754
120500,42126289,10588386,433975608,780516,7.878778
121000,42238505,10610554,434781816,781308,7.901019
121500,42324432,10617955,435025304,781836,7.910024
122000,42454919,10624353,435229912,782100,7.916056
122500,42570139,10631575,435547128,782364,7.924339
123000,42806356,10688445,437517560,784740,7.971261
123500,42977341,10706375,438078168,785532,7.985802
124000,43160049,10723211,438657208,786060,7.998092
124500,43344498,10748400,439506328,787116,8.020329
125000,43547928,10782963,440652152,788700,8.053011
125500,43668518,10795412,441085912,789228,8.066668
126000,43830133,10839674,442673784,791076,8.116042
126500,43867068,10841183,442706520,791076,8.118795
127000,43917636,10842859,442780184,791076,8.120840
127500,44008103,10849487,443009336,791340,8.126598
128000,44121542,10862936,443436952,792132,8.135019
128500,44207791,10868371,443608824,792132,8.140637
129000,44328907,10890898,444408888,793188,8.157023
129500,44549196,10955776,446579768,795828,8.197329
130000,44703439,10983479,447471832,796884,8.216876
130500,44850921,10998923,447981304,797412,8.227934
131000,44963984,11012189,448417112,797940,8.239289
131500,45077586,11022304,448773144,798468,8.250438
132000,45261944,11051757,449734808,799788,8.272767
132500,45369271,11059670,450019224,800052,8.279630
133000,45538468,11096071,451287832,801636,8.305961
133500,45761142,11149421,453262488,803748,8.359213
134000,45889084,11161729,453688088,804540,8.372749
134500,46158065,11236026,456348152,807444,8.442135
135000,46286428,11251978,456843288,808236,8.452548
135500,46434576,11267482,457389624,808764,8.462991
136000,46592641,11281479,457886840,809556,8.473196
136500,46741538,11293141,458291960,810084,8.482904
137000,46859908,11314709,458999896,810876,8.497970
137500,46946892,11330725,459572856,811668,8.513511
138000,47053692,11335235,459763160,811668,8.518932
138500,47186387,11350204,460223512,812460,8.531172
139000,47347571,11363864,460710488,812988,8.545572
139500,47912795,11626143,469817944,823284,8.780292
140000,48069379,11647115,470562744,824076,8.799754
140500,48244320,11684439,471860024,825660,8.836241
141000,48403870,11702177,472475896,826452,8.852517
141500,48541665,11711981,472872920,826980,8.862749
142000,48643532,11716862,473059128,827244,8.867883
142500,48844952,11768015,474984696,829356,8.917753
143000,49000133,11806048,476554328,831204,8.956919
143500,49301088,11902265,480049272,835164,9.056295
144000,49417442,11916699,480679608,835956,9.072495
144500,49501403,11924806,481064376,836484,9.082695
145000,49585669,11930418,481234200,836748,9.086988
145500,49724386,11944783,481702744,837276,9.097792
146000,49826592,11951875,481931896,837540,9.104355
146500,49884275,11965176,482361560,838068,9.115940
147000,49988339,11973631,482670552,838596,9.125096
147500,50245940,12021105,484289016,840444,9.166941
148000,50478460,12089146,486508984,843084,9.228693
148500,50658792,12124416,487695704,844404,9.257944
149000,50827429,12152114,488684024,845724,9.284363
149500,51002952,12192692,490007800,847308,9.312045
150000,51102606,12205929,490455896,847836,9.321952
150500,51275260,12243226,491757272,849420,9.351046
151000,51325593,12245956,491871864,849420,9.353975
151500,51513141,12321787,494433592,852588,9.423052
152000,51770333,12399732,497189816,855756,9.480921
152500,52344786,12758191,509403096,869484,9.759165
153000,52562144,12844732,512363832,872916,9.834068
153500,52848233,12963927,516394680,877404,9.937546
154000,53078164,13038400,519056792,880572,10.020916
154500,53314119,13107836,521604376,883740,10.093276
155000,53996257,13495567,535635352,899316,10.454577
155500,54202805,13566259,538086648,902220,10.519210
156000,54546348,13751377,544392792,909348,10.671699
156500,54756067,13849287,547875416,913308,10.752748
157000,55188557,14030366,554003512,920172,10.915638
157500,55704784,14143202,557809272,924924,10.997913
158000,56051981,14209802,560236120,927828,11.056860
158500,56464770,14341823,564932120,933372,11.181018
159000,56805866,14463629,568917816,943200,11.343622
159500,57333342,14705590,577026456,952940,11.582037
160000,57830577,14925919,584611512,961652,11.780772
160500,58165611,15010883,587529304,964820,11.855076
161000,58604615,15150778,592274232,970364,11.962387
161500,59091846,15333219,598809816,977756,12.109801
162000,59485305,15456526,603307480,983036,12.222559
162500,59871806,15531059,605777080,985940,12.283755
163000,60123336,15598440,608179320,988844,12.336660
163500,60387323,15663569,610370680,991220,12.386172
164000,61180136,16012414,622901720,1005476,12.703435
164500,61504676,16111448,626140600,1009172,12.776063
165000,61752066,16165939,627924760,1011284,12.821707
165500,61995023,16195940,628980568,1012604,12.848555
166000,62344758,16303490,632643128,1016828,12.950491
166500,62642151,16368927,634768952,1019468,12.998473
167000,62880533,16415008,636485784,1021580,13.054678
167500,63327098,16635367,644203928,1030292,13.258944
168000,63744972,16752015,648038232,1034780,13.345293
168500,64017062,16806122,649982136,1036892,13.391518
169000,64358752,16891060,652881496,1040324,13.470115
169500,64738858,16972291,655686776,1043756,13.552802
170000,64919319,17007215,656891928,1045340,13.580772
170500,65365324,17120039,661240408,1050356,13.695475
171000,65686414,17184464,663370360,1052732,13.746308
171500,66111525,17315961,668054104,1058276,13.854037
172000,66666753,17439464,672975672,1064084,13.994228
172500,66976876,17480258,674364984,1065932,14.027302
173000,67570033,17604146,678692632,1070948,14.135559
173500,67837802,17633630,679680888,1072268,14.162164
174000,68297236,17753296,683621592,1077020,14.259040
174500,68577300,17780579,684544408,1078076,14.290893
175000,68861497,17852822,686969016,1080980,14.353234
175500,69245318,17992896,691681176,1086260,14.474122
176000,69656513,18066377,694183576,1089428,14.553958
176500,69963064,18101410,695368280,1091012,14.585359
177000,70409614,18192904,698670872,1094972,14.688868
177500,70692285,18264159,701099608,1097876,14.763517
178000,70972346,18309854,702617816,1099724,14.808082
178500,71283846,18353288,704111480,1101572,14.847062
179000,71651805,18456235,707794680,1105796,14.983270
179500,71968986,18512250,709713944,1108172,15.044704
180000,72394742,18650665,714415896,1113716,15.164960
180500,72765353,18726641,717106648,1116884,15.241320
181000,73071715,18763289,718307672,1118468,15.284302
181500,73495052,18853268,721315416,1121900,15.358652
182000,73783999,18910134,723298136,1124276,15.407295
182500,74111384,18987087,725917176,1127444,15.472102
183000,74668083,19139535,731339608,1133780,15.591836
183500,75088954,19199188,733635608,1136684,15.654218
184000,75591098,19332506,738286520,1142228,15.777599
184500,75937656,19413358,741104088,1145396,15.866491
185000,76381542,19519532,744596696,1149620,15.953230
185500,76722115,19617024,747821304,1153316,16.041148
186000,77252665,19796043,754518808,1160972,16.251700
186500,77813401,19990185,761269080,1168892,16.431133
187000,78216533,20132450,766126552,1174436,16.561560
187500,78463618,20191950,768058008,1178592,16.613173
188000,78709082,20248373,769958840,1180968,16.662234
188500,78952218,20316744,772182872,1183608,16.719474
189000,79303713,20408502,775243800,1187304,16.798929
189500,79632548,20488135,778004056,1190472,16.873416
190000,79979670,20627275,782663000,1195752,16.995511
190500,80322990,20741937,786476888,1200240,17.111811
191000,80809378,20929554,792954968,1207632,17.298962
191500,81159652,21041799,796623544,1211856,17.403772
192000,81567874,21181296,801362328,1217400,17.539856
192500,81895906,21264161,804228984,1220832,17.612302
193000,82342148,21383272,808304856,1225320,17.744202
193500,82611525,21467085,811181720,1228752,17.829312
194000,82921482,21536755,813567512,1231392,17.896826
194500,83557133,21772127,822430040,1241424,18.196285
195000,83898584,21831697,824707608,1244064,18.260516
195500,84201868,21881234,826739704,1246704,18.326813
196000,84550094,21976493,829829208,1250400,18.403074
196500,84949193,22113121,834670488,1255680,18.563491
197000,85259590,22273801,840193016,1262016,18.698264
197500,85404656,22295653,840950104,1262808,18.719592
198000,85661045,22376082,844076920,1266504,18.799315
198500,85879885,22412915,845347576,1267824,18.836461
199000,86130144,22486815,847866360,1270728,18.900958
199500,86349600,22522333,849020312,1272312,18.931542
200000,86953170,22722690,856143128,1280496,19.112233
200500,87369300,22852318,860407096,1285512,19.232290
201000,87856583,23025869,866809848,1292640,19.419644
201500,88248520,23145998,870844760,1297392,19.541845
202000,88693842,23289295,875771864,1303200,19.682329
202500,88988837,23384824,879195160,1306896,19.766570
203000,89496239,23560377,885116568,1313760,19.925955
203500,89789636,23611679,886931544,1316136,19.974353
204000,90120969,23708328,890410104,1320096,20.079870
204500,90425266,23784218,892941112,1323264,20.145554
205000,90708821,23842858,895018008,1325640,20.203171
205500,90934409,23873159,896045144,1326960,20.230026
206000,91187315,23916596,897426200,1328544,20.266769
206500,91688686,24102304,904219736,1336200,20.499404
207000,91909680,24153791,905971224,1338312,20.556657
207500,92274223,24284160,910493208,1343592,20.699292
208000,92655118,24365209,913384504,1346760,20.788908
208500,92981740,24485598,917499256,1351512,20.928403
209000,93242798,24563544,920306680,1354944,20.994782
209500,93645570,24700515,925051704,1360224,21.157292
210000,93919701,24787649,928145528,1363656,21.244925
210500,94492518,24993520,935026520,1371576,21.454340
211000,94981977,25244354,943466680,1381080,21.700951
211500,95574826,25460888,950994488,1389792,21.916448
212000,95973469,25639219,957851736,1397448,22.116557
212500,96238119,25690758,959754776,1399560,22.172768
213000,96452473,25730156,961105208,1401408,22.216224
213500,96880157,25844203,965474136,1406424,22.358423
214000,97138107,25912944,967798488,1409064,22.430614
214500,97407240,25975520,970010424,1411704,22.509399
215000,97652102,26021612,971510168,1413552,22.551153
215500,98104518,26158080,976203992,1419096,22.676137
216000,98395767,26224660,978661560,1421736,22.780208
216500,98823259,26328627,982121496,1425960,22.886336
217000,99046270,26356366,983060632,1427280,22.915451
217500,99558253,26471236,986989208,1431768,23.020715
218000,100096619,26586669,990927992,1436520,23.136479
218500,100495199,26678913,994062648,1440480,23.223522
219000,100720384,26712410,995171608,1441800,23.251234
219500,101081945,26838924,999562648,1446816,23.367116
220000,101463613,26913853,1002062968,1449720,23.442491
220500,101916827,27011570,1005500536,1453944,23.545546
221000,102382180,27129688,1010154008,1459224,23.702310
221500,102888578,27240744,1014117496,1463976,23.825649
222000,103377093,27320420,1016765112,1467144,23.901391
222500,103839999,27408242,1019645944,1470840,23.981873
223000,104107813,27472721,1022621720,1474008,24.078710
223500,104361065,27522462,1024330232,1476120,24.126018
224000,104744883,27662649,1029521624,1481928,24.292466
224500,104978927,27717461,1031320120,1484040,24.355377
225000,105270822,27776578,1033564920,1486680,24.440556
225500,105516580,27816261,1034978840,1488528,24.479426
226000,105997929,27952409,1039766904,1494072,24.624581
226500,106479446,28093137,1044538424,1499616,24.752719
227000,106858487,28184400,1047619864,1503312,24.844195
227500,107390200,28337941,1052913240,1509648,24.991995
228000,107734181,28409851,1055403384,1512552,25.074654
228500,108019304,28495874,1058552568,1516248,25.182184
229000,108504294,28658174,1064568600,1523112,25.375130
229500,108828896,28714746,1066442808,1525488,25.423059
230000,109102505,28759127,1068042936,1527336,25.467019
230500,109581456,28884041,1072253816,1532352,25.615349
231000,109908570,28953155,1074594584,1535256,25.687800
231500,110329780,29072157,1078588536,1540008,25.815433
232000,110719578,29171974,1081860152,1550768,25.905709
232500,111109117,29233723,1084410040,1550768,25.980544
233000,111449966,29337802,1087835128,1567404,26.245077
233500,111686140,29380263,1089208024,1567404,26.275892
234000,112055394,29451872,1091776024,1569452,26.343469
234500,112760579,29811807,1104624120,1582616,26.714094
235000,113616712,30201160,1119132248,1598720,27.148917
235500,114107560,30424469,1127345944,1607960,27.421969
236000,114497561,30528793,1131080280,1612448,27.526687
236500,114862207,30586095,1132997464,1614824,27.585718
237000,115081928,30616946,1134020504,1616144,27.611861
237500,115411012,30727685,1137840632,1620368,27.712535
238000,115619661,30784969,1139708664,1622480,27.762840
238500,115878003,30823839,1140983352,1624064,27.800472
239000,116177861,30920209,1144392312,1628024,27.900047
239500,116573088,31064328,1149182168,1633568,28.032116
240000,116839948,31116284,1150863992,1635680,28.083338
240500,117195762,31208184,1153933112,1639112,28.187214
241000,117421427,31238392,1154904984,1640432,28.217198
241500,117814890,31375995,1159670456,1645976,28.365881
242000,118343244,31585779,1167280408,1654424,28.595049
242500,119172312,31974720,1181100408,1670000,29.008279
243000,119778535,32227640,1190089368,1680296,29.291091
243500,120166061,32379956,1195268088,1686104,29.462819
244000,120477880,32508682,1200113720,1691648,29.612875
244500,120837557,32694908,1206430040,1698776,29.801295
245000,120967639,32722659,1207328248,1699832,29.839744
245500,121016465,32729722,1207575832,1700096,29.848741
246000,121189392,32786925,1209452056,1702208,29.908257
246500,121482422,32905936,1213413272,1706960,30.062185
247000,121518039,32907240,1213446008,1706960,30.065078
247500,121623494,32908396,1213511480,1706960,30.066912
248000,121662344,32908837,1213515576,1706960,30.068340
248500,121709537,32908994,1213515576,1706960,30.068779
249000,121781471,32912132,1213613784,1707224,30.072128
249500,121951919,32952579,1214980568,1708808,30.115232
250000,122049506,32968634,1215541240,1709336,30.134747
250500,122172661,32997692,1216498776,1710656,30.159815
250550,122197799,33002097,1216629720,1710656,30.163282
